// Generated by InstanceGenerator.py v0.1
// Juan Francisco Martinez Vera
// AMMM - MIRI, FIB UPC
//
// RAND_SEED=1484818992

bigM=100000;

nLocations=20;
startLocation=2;
distances=[   [   0,
        158,
        170,
        368,
        217,
        226,
        315,
        338,
        226,
        163,
        366,
        107,
        82,
        148,
        282,
        159,
        164,
        215,
        52,
        88],
    [   158,
        0,
        147,
        248,
        124,
        130,
        188,
        255,
        160,
        119,
        302,
        245,
        199,
        130,
        135,
        317,
        322,
        62,
        191,
        161],
    [   170,
        147,
        0,
        391,
        269,
        276,
        331,
        170,
        302,
        249,
        447,
        278,
        139,
        250,
        269,
        296,
        295,
        199,
        158,
        236],
    [   368,
        248,
        391,
        0,
        152,
        143,
        59,
        444,
        158,
        212,
        144,
        404,
        434,
        232,
        127,
        510,
        519,
        191,
        416,
        311],
    [   217,
        124,
        269,
        152,
        0,
        9,
        103,
        370,
        43,
        62,
        177,
        256,
        286,
        84,
        106,
        359,
        367,
        99,
        266,
        161],
    [   226,
        130,
        276,
        143,
        9,
        0,
        95,
        374,
        43,
        70,
        171,
        264,
        295,
        92,
        102,
        368,
        376,
        101,
        275,
        170],
    [   315,
        188,
        331,
        59,
        103,
        95,
        0,
        390,
        122,
        165,
        168,
        360,
        377,
        187,
        71,
        462,
        470,
        131,
        361,
        265],
    [   338,
        255,
        170,
        444,
        370,
        374,
        390,
        0,
        411,
        374,
        541,
        446,
        306,
        383,
        318,
        464,
        462,
        274,
        328,
        392],
    [   226,
        160,
        302,
        158,
        43,
        43,
        122,
        411,
        0,
        63,
        146,
        246,
        302,
        79,
        144,
        356,
        365,
        141,
        277,
        156],
    [   163,
        119,
        249,
        212,
        62,
        70,
        165,
        374,
        63,
        0,
        208,
        194,
        238,
        22,
        160,
        298,
        307,
        126,
        214,
        99],
    [   366,
        302,
        447,
        144,
        177,
        171,
        168,
        541,
        146,
        208,
        0,
        360,
        445,
        218,
        232,
        475,
        486,
        267,
        418,
        285],
    [   107,
        245,
        278,
        404,
        256,
        264,
        360,
        446,
        246,
        194,
        360,
        0,
        165,
        172,
        346,
        115,
        126,
        291,
        132,
        95],
    [   82,
        199,
        139,
        434,
        286,
        295,
        377,
        306,
        302,
        238,
        445,
        165,
        0,
        226,
        333,
        157,
        156,
        261,
        34,
        171],
    [   148,
        130,
        250,
        232,
        84,
        92,
        187,
        383,
        79,
        22,
        218,
        172,
        226,
        0,
        182,
        278,
        287,
        145,
        200,
        78],
    [   282,
        135,
        269,
        127,
        106,
        102,
        71,
        318,
        144,
        160,
        232,
        346,
        333,
        182,
        0,
        438,
        444,
        72,
        322,
        251],
    [   159,
        317,
        296,
        510,
        359,
        368,
        462,
        464,
        356,
        298,
        475,
        115,
        157,
        278,
        438,
        0,
        12,
        374,
        140,
        199],
    [   164,
        322,
        295,
        519,
        367,
        376,
        470,
        462,
        365,
        307,
        486,
        126,
        156,
        287,
        444,
        12,
        0,
        379,
        141,
        208],
    [   215,
        62,
        199,
        191,
        99,
        101,
        131,
        274,
        141,
        126,
        267,
        291,
        261,
        145,
        72,
        374,
        379,
        0,
        252,
        199],
    [   52,
        191,
        158,
        416,
        266,
        275,
        361,
        328,
        277,
        214,
        418,
        132,
        34,
        200,
        322,
        140,
        141,
        252,
        0,
        139],
    [   88,
        161,
        236,
        311,
        161,
        170,
        265,
        392,
        156,
        99,
        285,
        95,
        171,
        78,
        251,
        199,
        208,
        199,
        139,
        0]]
;
task=[   62,
    0,
    305,
    127,
    383,
    416,
    321,
    78,
    118,
    173,
    20,
    117,
    210,
    270,
    93,
    26,
    42,
    405,
    281,
    303]
;
minW=[   35,
    0,
    83,
    41,
    16,
    34,
    29,
    68,
    56,
    81,
    236,
    204,
    98,
    40,
    127,
    31,
    53,
    51,
    158,
    157]
;
maxW=[   586,
    720,
    173,
    423,
    422,
    217,
    275,
    461,
    633,
    318,
    500,
    719,
    423,
    400,
    597,
    687,
    490,
    101,
    565,
    374]
;