// Generated by InstanceGenerator.py v0.1
// Juan Francisco Martinez Vera
// AMMM - MIRI, FIB UPC
//
// RAND_SEED=1484818993

bigM=100000;

nLocations=20;
startLocation=14;
distances=[   [   0,
        392,
        131,
        142,
        406,
        430,
        153,
        463,
        299,
        90,
        173,
        170,
        285,
        198,
        56,
        337,
        383,
        313,
        250,
        198],
    [   392,
        0,
        388,
        414,
        20,
        242,
        303,
        370,
        107,
        453,
        252,
        252,
        111,
        281,
        448,
        247,
        314,
        188,
        180,
        462],
    [   131,
        388,
        0,
        27,
        406,
        349,
        85,
        353,
        281,
        99,
        135,
        240,
        276,
        118,
        141,
        251,
        278,
        250,
        299,
        86],
    [   142,
        414,
        27,
        0,
        433,
        367,
        111,
        362,
        307,
        91,
        162,
        265,
        303,
        142,
        142,
        269,
        291,
        273,
        326,
        61],
    [   406,
        20,
        406,
        433,
        0,
        260,
        322,
        388,
        127,
        469,
        270,
        261,
        129,
        301,
        462,
        268,
        334,
        209,
        186,
        481],
    [   430,
        242,
        349,
        367,
        260,
        0,
        281,
        132,
        202,
        445,
        258,
        377,
        223,
        236,
        471,
        98,
        109,
        122,
        349,
        385],
    [   153,
        303,
        85,
        111,
        322,
        281,
        0,
        311,
        196,
        167,
        52,
        189,
        192,
        45,
        189,
        185,
        230,
        171,
        232,
        161],
    [   463,
        370,
        353,
        362,
        388,
        132,
        311,
        0,
        310,
        452,
        310,
        457,
        329,
        268,
        491,
        149,
        82,
        209,
        448,
        359],
    [   299,
        107,
        281,
        307,
        127,
        202,
        196,
        310,
        0,
        351,
        146,
        189,
        21,
        174,
        352,
        167,
        240,
        103,
        147,
        354],
    [   90,
        453,
        99,
        91,
        469,
        445,
        167,
        452,
        351,
        0,
        208,
        254,
        341,
        209,
        58,
        347,
        377,
        339,
        330,
        128],
    [   173,
        252,
        135,
        162,
        270,
        258,
        52,
        310,
        146,
        208,
        0,
        157,
        141,
        54,
        219,
        170,
        228,
        139,
        186,
        213],
    [   170,
        252,
        240,
        265,
        261,
        377,
        189,
        457,
        189,
        254,
        157,
        0,
        168,
        211,
        225,
        308,
        375,
        256,
        83,
        326],
    [   285,
        111,
        276,
        303,
        129,
        223,
        192,
        329,
        21,
        341,
        141,
        168,
        0,
        175,
        340,
        184,
        257,
        120,
        126,
        353],
    [   198,
        281,
        118,
        142,
        301,
        236,
        45,
        268,
        174,
        209,
        54,
        211,
        175,
        0,
        234,
        140,
        186,
        131,
        239,
        181],
    [   56,
        448,
        141,
        142,
        462,
        471,
        189,
        491,
        352,
        58,
        219,
        225,
        340,
        234,
        0,
        375,
        414,
        357,
        306,
        186],
    [   337,
        247,
        251,
        269,
        268,
        98,
        185,
        149,
        167,
        347,
        170,
        308,
        184,
        140,
        375,
        0,
        72,
        64,
        300,
        289],
    [   383,
        314,
        278,
        291,
        334,
        109,
        230,
        82,
        240,
        377,
        228,
        375,
        257,
        186,
        414,
        72,
        0,
        137,
        372,
        296],
    [   313,
        188,
        250,
        273,
        209,
        122,
        171,
        209,
        103,
        339,
        139,
        256,
        120,
        131,
        357,
        64,
        137,
        0,
        239,
        305],
    [   250,
        180,
        299,
        326,
        186,
        349,
        232,
        448,
        147,
        330,
        186,
        83,
        126,
        239,
        306,
        300,
        372,
        239,
        0,
        385],
    [   198,
        462,
        86,
        61,
        481,
        385,
        161,
        359,
        354,
        128,
        213,
        326,
        353,
        181,
        186,
        289,
        296,
        305,
        385,
        0]]
;
task=[   203,
    3,
    274,
    358,
    58,
    227,
    454,
    33,
    337,
    172,
    87,
    278,
    337,
    0,
    102,
    310,
    243,
    6,
    190,
    325]
;
minW=[   120,
    148,
    88,
    60,
    124,
    102,
    23,
    241,
    19,
    73,
    12,
    193,
    38,
    0,
    18,
    137,
    124,
    20,
    5,
    113]
;
maxW=[   635,
    530,
    526,
    563,
    496,
    321,
    332,
    616,
    236,
    674,
    387,
    600,
    514,
    720,
    547,
    303,
    587,
    272,
    454,
    613]
;