// Generated by InstanceGenerator.py v0.1
// Juan Francisco Martinez Vera
// AMMM - MIRI, FIB UPC
//
// RAND_SEED=1484822394

bigM=100000;

nLocations=20;
startLocation=17;
distances=[   [   0,
        325,
        209,
        386,
        494,
        161,
        413,
        154,
        338,
        140,
        539,
        482,
        262,
        96,
        268,
        209,
        268,
        565,
        392,
        448],
    [   325,
        0,
        128,
        211,
        270,
        187,
        124,
        182,
        178,
        375,
        221,
        159,
        228,
        236,
        131,
        310,
        92,
        247,
        215,
        134],
    [   209,
        128,
        0,
        205,
        368,
        120,
        242,
        102,
        233,
        292,
        349,
        287,
        227,
        114,
        154,
        266,
        122,
        375,
        286,
        239],
    [   386,
        211,
        205,
        0,
        473,
        325,
        320,
        308,
        387,
        492,
        354,
        295,
        417,
        294,
        326,
        471,
        284,
        375,
        426,
        191],
    [   494,
        270,
        368,
        473,
        0,
        335,
        153,
        347,
        156,
        463,
        207,
        218,
        247,
        436,
        231,
        349,
        248,
        215,
        105,
        314],
    [   161,
        187,
        120,
        325,
        335,
        0,
        254,
        21,
        179,
        188,
        386,
        332,
        126,
        109,
        106,
        145,
        111,
        410,
        234,
        321],
    [   413,
        124,
        242,
        320,
        153,
        254,
        0,
        259,
        135,
        426,
        135,
        99,
        228,
        335,
        154,
        332,
        144,
        159,
        137,
        167],
    [   154,
        182,
        102,
        308,
        347,
        21,
        259,
        0,
        193,
        197,
        387,
        332,
        146,
        91,
        116,
        164,
        114,
        412,
        249,
        313],
    [   338,
        178,
        233,
        387,
        156,
        179,
        135,
        193,
        0,
        315,
        265,
        234,
        101,
        284,
        81,
        208,
        113,
        285,
        55,
        283],
    [   140,
        375,
        292,
        492,
        463,
        188,
        426,
        197,
        315,
        0,
        562,
        514,
        216,
        203,
        272,
        118,
        293,
        585,
        359,
        509],
    [   539,
        221,
        349,
        354,
        207,
        386,
        135,
        387,
        265,
        562,
        0,
        63,
        363,
        455,
        290,
        468,
        274,
        25,
        251,
        163],
    [   482,
        159,
        287,
        295,
        218,
        332,
        99,
        332,
        234,
        514,
        63,
        0,
        326,
        395,
        243,
        427,
        221,
        88,
        233,
        108],
    [   262,
        228,
        227,
        417,
        247,
        126,
        228,
        146,
        101,
        216,
        363,
        326,
        0,
        233,
        96,
        106,
        137,
        384,
        142,
        354],
    [   96,
        236,
        114,
        294,
        436,
        109,
        335,
        91,
        284,
        203,
        455,
        395,
        233,
        0,
        205,
        222,
        194,
        480,
        340,
        354],
    [   268,
        131,
        154,
        326,
        231,
        106,
        154,
        116,
        81,
        272,
        290,
        243,
        96,
        205,
        0,
        186,
        42,
        313,
        136,
        259],
    [   209,
        310,
        266,
        471,
        349,
        145,
        332,
        164,
        208,
        118,
        468,
        427,
        106,
        222,
        186,
        0,
        219,
        490,
        246,
        443],
    [   268,
        92,
        122,
        284,
        248,
        111,
        144,
        114,
        113,
        293,
        274,
        221,
        137,
        194,
        42,
        219,
        0,
        299,
        163,
        224],
    [   565,
        247,
        375,
        375,
        215,
        410,
        159,
        412,
        285,
        585,
        25,
        88,
        384,
        480,
        313,
        490,
        299,
        0,
        267,
        184],
    [   392,
        215,
        286,
        426,
        105,
        234,
        137,
        249,
        55,
        359,
        251,
        233,
        142,
        340,
        136,
        246,
        163,
        267,
        0,
        301],
    [   448,
        134,
        239,
        191,
        314,
        321,
        167,
        313,
        283,
        509,
        163,
        108,
        354,
        354,
        259,
        443,
        224,
        184,
        301,
        0]]
;
task=[   103,
    12,
    421,
    12,
    212,
    112,
    67,
    265,
    125,
    24,
    74,
    6,
    217,
    51,
    404,
    81,
    0,
    47,
    159,
    31]
;
minW=[   206,
    46,
    70,
    134,
    235,
    93,
    119,
    17,
    40,
    69,
    254,
    6,
    73,
    148,
    12,
    176,
    0,
    30,
    25,
    93]
;
maxW=[   364,
    360,
    155,
    539,
    613,
    381,
    519,
    271,
    133,
    562,
    642,
    331,
    526,
    214,
    635,
    512,
    720,
    415,
    458,
    546]
;