// Generated by InstanceGenerator.py v0.1
// Juan Francisco Martinez Vera
// AMMM - MIRI, FIB UPC
//
// RAND_SEED=1484822393

bigM=100000;

nLocations=20;
startLocation=3;
distances=[   [   0,
        168,
        193,
        132,
        212,
        298,
        195,
        278,
        183,
        364,
        84,
        417,
        303,
        359,
        412,
        57,
        346,
        265,
        362,
        113],
    [   168,
        0,
        246,
        259,
        307,
        344,
        40,
        163,
        257,
        404,
        242,
        436,
        406,
        337,
        442,
        161,
        242,
        202,
        257,
        273],
    [   193,
        246,
        0,
        109,
        76,
        107,
        240,
        223,
        28,
        172,
        256,
        224,
        167,
        182,
        219,
        247,
        253,
        157,
        266,
        177],
    [   132,
        259,
        109,
        0,
        87,
        192,
        270,
        300,
        84,
        254,
        165,
        315,
        171,
        292,
        304,
        188,
        347,
        251,
        361,
        69],
    [   212,
        307,
        76,
        87,
        0,
        111,
        306,
        300,
        53,
        170,
        252,
        233,
        99,
        232,
        220,
        269,
        328,
        233,
        341,
        151],
    [   298,
        344,
        107,
        192,
        111,
        0,
        331,
        280,
        115,
        65,
        354,
        123,
        130,
        138,
        114,
        354,
        281,
        200,
        289,
        260],
    [   195,
        40,
        240,
        270,
        306,
        331,
        0,
        125,
        254,
        387,
        274,
        414,
        404,
        309,
        423,
        196,
        203,
        171,
        217,
        292],
    [   278,
        163,
        223,
        300,
        300,
        280,
        125,
        0,
        248,
        322,
        362,
        332,
        386,
        212,
        346,
        299,
        78,
        81,
        93,
        346],
    [   183,
        257,
        28,
        84,
        53,
        115,
        254,
        248,
        0,
        181,
        239,
        237,
        150,
        208,
        230,
        239,
        281,
        185,
        294,
        153],
    [   364,
        404,
        172,
        254,
        170,
        65,
        387,
        322,
        181,
        0,
        418,
        66,
        154,
        139,
        50,
        419,
        308,
        241,
        314,
        321],
    [   84,
        242,
        256,
        165,
        252,
        354,
        274,
        362,
        239,
        418,
        0,
        477,
        329,
        432,
        468,
        85,
        431,
        348,
        447,
        109],
    [   417,
        436,
        224,
        315,
        233,
        123,
        414,
        332,
        237,
        66,
        477,
        0,
        220,
        123,
        27,
        471,
        301,
        253,
        304,
        384],
    [   303,
        406,
        167,
        171,
        99,
        130,
        404,
        386,
        150,
        154,
        329,
        220,
        0,
        268,
        197,
        360,
        402,
        312,
        412,
        219],
    [   359,
        337,
        182,
        292,
        232,
        138,
        309,
        212,
        208,
        139,
        432,
        123,
        268,
        0,
        144,
        406,
        177,
        139,
        180,
        360],
    [   412,
        442,
        219,
        304,
        220,
        114,
        423,
        346,
        230,
        50,
        468,
        27,
        197,
        144,
        0,
        467,
        321,
        266,
        324,
        372],
    [   57,
        161,
        247,
        188,
        269,
        354,
        196,
        299,
        239,
        419,
        85,
        471,
        360,
        406,
        467,
        0,
        373,
        300,
        388,
        159],
    [   346,
        242,
        253,
        347,
        328,
        281,
        203,
        78,
        281,
        308,
        431,
        301,
        402,
        177,
        321,
        373,
        0,
        96,
        15,
        401],
    [   265,
        202,
        157,
        251,
        233,
        200,
        171,
        81,
        185,
        241,
        348,
        253,
        312,
        139,
        266,
        300,
        96,
        0,
        110,
        307],
    [   362,
        257,
        266,
        361,
        341,
        289,
        217,
        93,
        294,
        314,
        447,
        304,
        412,
        180,
        324,
        388,
        15,
        110,
        0,
        416],
    [   113,
        273,
        177,
        69,
        151,
        260,
        292,
        346,
        153,
        321,
        109,
        384,
        219,
        360,
        372,
        159,
        401,
        307,
        416,
        0]]
;
task=[   105,
    193,
    0,
    33,
    278,
    15,
    115,
    169,
    579,
    259,
    205,
    63,
    349,
    299,
    33,
    115,
    153,
    204,
    28,
    55]
;
minW=[   53,
    68,
    0,
    30,
    51,
    20,
    19,
    197,
    0,
    13,
    210,
    15,
    118,
    5,
    194,
    236,
    244,
    90,
    201,
    58]
;
maxW=[   521,
    641,
    720,
    122,
    79,
    215,
    589,
    672,
    274,
    578,
    556,
    534,
    530,
    548,
    416,
    680,
    665,
    325,
    572,
    213]
;